<?xml version="1.0" encoding="utf-8"?>
<!-- Generator: Adobe Illustrator 16.0.0, SVG Export Plug-In . SVG Version: 6.00 Build 0)  -->
<!DOCTYPE svg PUBLIC "-//W3C//DTD SVG 1.1//EN" "http://www.w3.org/Graphics/SVG/1.1/DTD/svg11.dtd">
<svg version="1.1" id="Selected_Items" xmlns="http://www.w3.org/2000/svg" xmlns:xlink="http://www.w3.org/1999/xlink" x="0px"
	 y="0px" width="1024px" height="680px" viewBox="0 0 1024 680" enable-background="new 0 0 1024 680" xml:space="preserve">
<polygon fill-rule="evenodd" clip-rule="evenodd" points="660.45,342.4 653.45,342.9 648.45,348.65 639.45,353.15 637.95,357.4 
	634.7,359.4 631.2,358.65 624.95,359.15 622.95,363.15 622.7,367.15 625.2,371.4 632.95,372.15 632.95,376.65 631.7,380.65 
	633.95,383.65 639.7,383.4 645.2,377.9 650.7,377.65 653.45,379.15 657.2,380.65 667.45,379.65 664.7,383.15 663.45,386.4 
	660.2,388.15 650.95,390.9 648.7,395.15 645.7,397.65 640.95,400.15 637.2,404.65 633.7,409.65 635.45,412.65 640.95,416.15 
	646.7,424.9 647.45,432.15 652.5,437.2 656.15,440.35 645.45,442.25 650.45,443.9 654.95,447.15 657.7,451.9 655.95,455.9 
	650.2,457.4 645.7,461.9 651.95,461.65 654.2,463.65 654.45,467.4 652.45,471.4 649.7,475.65 649.45,478.9 647.45,483.4 
	641.95,485.15 638.45,487.65 633.2,494.15 630.7,499.4 627.2,503.65 623.2,506.4 620.45,511.6 615.7,514.35 609.95,519.85 
	604.95,523.6 591.2,531.85 586.45,533.35 582.7,536.35 574.45,536.35 561.2,538.6 555.95,540.1 549.2,540.6 545.95,543.6 
	536.45,543.1 526.95,543.1 520.95,543.85 520.45,546.85 522.95,549.1 519.95,553.1 517.2,551.35 514.2,548.85 515.45,542.1 
	512.7,538.6 507.2,538.1 498.95,535.6 493.95,536.85 491.2,538.35 487.45,538.4 484.45,541.4 483.7,537.4 480.45,528.4 
	477.95,523.4 477.7,518.65 475.45,514.4 468.2,516.65 462.7,516.65 458.95,515.9 457.7,511.65 452.7,507.15 447.2,503.65 
	443.45,500.65 438.7,493.9 434.2,485.65 424.2,481.4 419.95,478.15 415.45,476.9 415.2,473.65 415.95,462.9 417.7,458.65 
	422.2,458.65 425.95,461.4 429.7,462.9 435.2,462.9 441.95,459.65 444.7,455.4 451.2,450.4 454.7,445.4 459.2,442.15 465.2,430.4 
	468.2,427.9 472.7,422.65 474.2,419.65 475.2,415.4 480.7,406.9 484.2,405.9 487.95,407.65 491.45,408.4 493.45,405.9 494.95,402.4 
	492.45,395.15 492.45,388.4 490.2,384.9 491.7,381.15 491.95,374.15 500.7,375.15 504.45,372.9 507.2,370.65 504.7,367.65 
	503.95,364.65 507.45,364.65 516.45,362.65 519.45,360.9 521.7,357.9 523.95,353.9 528.7,348.4 535.2,339.15 536.2,334.9 
	540.45,330.4 543.7,328.15 548.95,327.9 557.95,331.15 560.95,332.65 577.2,336.9 581.7,337.4 587.45,336.4 590.2,330.9 
	596.45,332.65 603.7,330.4 607.95,330.9 612.7,332.4 621.45,330.9 628.45,328.4 632.45,327.65 637.95,325.65 646.2,327.15 
	653.95,326.9 658.7,328.9 662.45,329.4 669.45,325.65 674.2,325.65 674.2,328.65 673.45,331.65 672.95,340.4 676.7,344.4 
	680.4,346.4 683.15,350.9 686.65,353.4 689.65,356.15 685.9,361.65 682.9,361.4 681.65,358.4 679.65,355.65 674.95,355.9 
	667.7,357.65 662.45,360.9 657.7,364.65 650.95,367.65 654.2,356.9 656.95,354.9 659.95,349.9 662.2,347.15 "/>
<polygon fill-rule="evenodd" clip-rule="evenodd" fill="none" stroke="#00FFFF" stroke-width="5" stroke-linecap="round" stroke-linejoin="round" stroke-miterlimit="3" points="
	660.45,342.4 662.2,347.15 659.95,349.9 656.95,354.9 654.2,356.9 650.95,367.65 657.7,364.65 662.45,360.9 667.7,357.65 
	674.95,355.9 679.65,355.65 681.65,358.4 682.9,361.4 685.9,361.65 689.65,356.15 686.65,353.4 683.15,350.9 680.4,346.4 
	676.7,344.4 672.95,340.4 673.45,331.65 674.2,328.65 674.2,325.65 669.45,325.65 662.45,329.4 658.7,328.9 653.95,326.9 
	646.2,327.15 637.95,325.65 632.45,327.65 628.45,328.4 621.45,330.9 612.7,332.4 607.95,330.9 603.7,330.4 596.45,332.65 
	590.2,330.9 587.45,336.4 581.7,337.4 577.2,336.9 560.95,332.65 557.95,331.15 548.95,327.9 543.7,328.15 540.45,330.4 
	536.2,334.9 535.2,339.15 528.7,348.4 523.95,353.9 521.7,357.9 519.45,360.9 516.45,362.65 507.45,364.65 503.95,364.65 
	504.7,367.65 507.2,370.65 504.45,372.9 500.7,375.15 491.95,374.15 491.7,381.15 490.2,384.9 492.45,388.4 492.45,395.15 
	494.95,402.4 493.45,405.9 491.45,408.4 487.95,407.65 484.2,405.9 480.7,406.9 475.2,415.4 474.2,419.65 472.7,422.65 468.2,427.9 
	465.2,430.4 459.2,442.15 454.7,445.4 451.2,450.4 444.7,455.4 441.95,459.65 435.2,462.9 429.7,462.9 425.95,461.4 422.2,458.65 
	417.7,458.65 415.95,462.9 415.2,473.65 415.45,476.9 419.95,478.15 424.2,481.4 434.2,485.65 438.7,493.9 443.45,500.65 
	447.2,503.65 452.7,507.15 457.7,511.65 458.95,515.9 462.7,516.65 468.2,516.65 475.45,514.4 477.7,518.65 477.95,523.4 
	480.45,528.4 483.7,537.4 484.45,541.4 487.45,538.4 491.2,538.35 493.95,536.85 498.95,535.6 507.2,538.1 512.7,538.6 
	515.45,542.1 514.2,548.85 517.2,551.35 519.95,553.1 522.95,549.1 520.45,546.85 520.95,543.85 526.95,543.1 536.45,543.1 
	545.95,543.6 549.2,540.6 555.95,540.1 561.2,538.6 574.45,536.35 582.7,536.35 586.45,533.35 591.2,531.85 604.95,523.6 
	609.95,519.85 615.7,514.35 620.45,511.6 623.2,506.4 627.2,503.65 630.7,499.4 633.2,494.15 638.45,487.65 641.95,485.15 
	647.45,483.4 649.45,478.9 649.7,475.65 652.45,471.4 654.45,467.4 654.2,463.65 651.95,461.65 645.7,461.9 650.2,457.4 
	655.95,455.9 657.7,451.9 654.95,447.15 650.45,443.9 645.45,442.25 656.15,440.35 652.5,437.2 647.45,432.15 646.7,424.9 
	640.95,416.15 635.45,412.65 633.7,409.65 637.2,404.65 640.95,400.15 645.7,397.65 648.7,395.15 650.95,390.9 660.2,388.15 
	663.45,386.4 664.7,383.15 667.45,379.65 657.2,380.65 653.45,379.15 650.7,377.65 645.2,377.9 639.7,383.4 633.95,383.65 
	631.7,380.65 632.95,376.65 632.95,372.15 625.2,371.4 622.7,367.15 622.95,363.15 624.95,359.15 631.2,358.65 634.7,359.4 
	637.95,357.4 639.45,353.15 648.45,348.65 653.45,342.9 "/>
</svg>
